101148
101149
1013961
101481
102101
1023091
1023621
1029056
1029271
103140
1032456
103274
103275
103279
103280
103283
1033596
1033916
1034771
1036521
1038211
1041701
104183
104701
1048626
105074
105442
105740
105741
105744
105745
1057831
1057846
1057871
1060881
1064981
1065331
1065341
1068181
1073171
1074441
1074866
1076051
1077781
1079616
1085121
1088521
108878
108880
108884
108908
108910
109084
1092676
109385
109387
1093986
1093991
1094016
1094091
1094096
1096881
1096896
1096901
1096971
1097886
1097911
1098091
1103196
1103201
1104051
110503
110504
1105576
1105581
1105586
1105611
1105616
110637
110638
110644
110647
110648
110654
110660
110662
110663
110667
110669
110670
1107806
110796
110840
110842
110844
110846
110851
110853
110855
110856
111027
111280
1116786
1117316
1121036
1121056
1121061
1121066
1121071
1121081
1121086
1121101
1123356
1125326
1125346
1130136
1130146
1130161
1130171
1133571
113565
1136391
1136616
1136621
1137866
1139621
1147771
1148851
1151826
1154036
1155721
1161781
1162441
1163176
1163181
1165766
1165771
1166961
1166971
117194
1174761
1176601
1181541
1181636
1181731
1181756
1184006
1184036
1184046
1184056
1184066
1187221
1187331
1191786
1191846
1194676
1196431
1196436
1198771
1198816
1199191
1200021
1201391
1204476
1204486
1204496
1204516
1211646
1212731
121275
1216146
1219121
1223341
1224776
1225966
1226216
122708
124414
1250691
1252311
1252716
1252721
1252726
1253281
1256631
1257756
1257761
1257766
1260016
1260026
1261636
1261651
1261656
1261666
1261681
126246
1268866
1271866
1272011
1273416
1274546
1275936
1276966
1283381
1288806
1288816
1288821
1288831
1291801
1292621
129282
1293941
1294406
1294836
1298236
1301351
1301366
1301751
1301986
1302876
1313996
1314061
1314221
1314231
1314246
1314466
1316096
1316846
1319561
1320496
1323136
1323366
1323436
1323601
1325421
1330166
1331591
1338021
133950
1341816
1342716
1344341
1345876
1351346
1357131
135939
1360056
1362806
1364191
1364916
1368081
137306
1373361
1373626
1375386
1376286
1376631
1377236
1377471
1377486
1377491
1379021
1379166
1379186
1379216
1379231
1380706
1380731
1381821
1382061
1384146
1385181
1385216
1385416
1385471
1385491
1385496
1386596
1387681
1387791
1388281
1390191
1393966
1398326
1399491
1406041
1406341
1407181
140869
140873
140874
140900
140901
1414051
141506
1415176
141651
1417966
1418271
1419836
142094
1426156
142791
142799
1428951
1428956
1430236
1430251
1432116
1433591
1437101
143769
1439001
1441911
144238
1444006
1447921
1450461
1452041
1452901
145545
145827
145828
145829
145830
145832
1458451
1458941
1459306
1459316
1460446
1461741
1461751
1465351
1465361
1465796
146587
1469551
1469691
1469716
1471341
1471611
1471741
1478396
1483296
1483376
1488576
1489051
148955
1494386
1495676
1495681
1495761
1495836
1498331
1498626
1501136
1501146
1502266
1502311
1504816
1505801
1505816
1507466
1508331
1508496
1508516
1508531
1508541
1508546
1508601
1509581
1509601
1509646
1513786
1517831
1517836
151828
1519971
1520241
1520406
1520611
1521076
1523816
1524506
1524681
152513
1526281
1526391
1527661
153017
153023
1532731
1533186
153562
1543171
1544931
1545421
1545631
1546086
154686
1546906
1547126
154810
154942
1551701
1553366
1553716
1555921
155629
155630
1558371
1559321
1559451
1562191
1563101
156640
156641
1566871
1572171
1572296
1576691
1577006
1577016
1577021
1577026
157984
158052
1586176
1586271
1586276
1586456
1586491
1586511
1586581
1586616
1586621
1586631
1586791
1586806
1586821
1586846
1586856
1586871
1586881
1586896
1586911
1586931
1586956
1586966
1587036
1587051
1587071
1587086
1587096
1587106
1587111
1587121
1587126
1587156
1587161
1587201
1587211
1587216
1587226
1587241
1587256
1587276
1587291
1587301
1587316
1587326
1590481
159066
1595691
1596806
1598646
1598651
1598721
1599641
1603011
160375
1604511
1605971
1605991
1607566
1607821
1607826
1607831
1607861
1609181
1609196
1609236
1610446
1610471
1611021
1611331
1618781
1622131
1622421
1623021
1626006
1626986
1628071
162890
1629486
1630141
1630371
1632886
1633481
163399
1635871
1639036
1639986
1640171
1640311
1641331
1641351
1647591
1648166
1649366
1649576
1649616
1651061
165141
165250
1656606
1656616
1658366
1659511
1661536
166537
1666231
1666556
1667051
1667296
1668121
1668271
1672786
1674186
1677961
1678051
1678551
1678576
1679856
1680121
1680331
168062
1682991
1683736
1684741
1684826
1685271
1685606
1685716
1685816
168634
1686696
1688086
168836
168837
168838
1688381
169094
1691451
169150
1691886
1693066
1693161
1693681
1693886
1693946
1694566
1695001
1696316
1696401
1696676
1697151
1697196
1698871
1699716
1700411
1706751
1707421
1708756
1710381
171257
1713731
1714256
1714266
1714281
1716756
1716816
1716826
1717401
1717486
171871
1718966
172060
172063
172086
172120
1722026
1722871
1722916
1726596
1729436
1730541
1731951
1732726
1733906
1735191
1735256
1735406
1735421
173969
1740446
1743031
174392
1747831
174811
174835
1749711
1751306
1751686
1753761
1753906
1756091
1756281
1757606
1758031
1758426
1758996
176284
1764746
1765541
1766191
1767181
1767566
1769136
1769551
1770746
1770751
1770761
1773776
1775231
1776241
1777711
1782106
1782121
1784821
1790401
1790781
1790851
1791226
1791231
1792656
1792681
1792756
1793496
1794556
179519
1799891
180094
1802366
1803766
1805726
1806071
1806586
1807101
1808776
1809421
1809646
1809661
1810196
1810281
1810361
1812391
1815171
1815176
1815416
1820231
1820886
1821096
1825596
1826046
182660
182752
182758
182759
1829756
1829771
183005
183020
1831016
1831051
1831096
1831106
183131
1831831
1833346
1833366
1836521
1837346
1837886
1840221
1840491
1841301
1841306
1842301
1842451
1842926
1842931
1843361
1843566
1844351
1845281
1845556
1848576
1850256
1850301
1850316
185102
1851096
1851756
1852996
185435
1855046
1855291
1855721
1856056
1856096
1856121
1856126
1856466
1856991
1858206
1858481
1859466
1859681
1862236
1863686
1865566
1867561
1868166
187330
1873571
1875666
1876781
1876901
1877271
1877276
1877341
1877346
187874
1879191
1879221
188083
1881101
188111
1882331
1882411
1883811
1884821
188541
188999
1890091
1890746
1891461
1891811
189238
1893291
1893876
189629
189630
189631
189635
189646
1897121
1898981
1899121
1899241
1899496
1899501
190008
1907906
1908771
1909176
1909196
1909871
1910206
1912456
1914311
1914681
1918436
1918896
1919761
1919771
1919776
1919781
1919801
1920026
1920036
1920046
1920226
192066
1922351
1927251
1927491
192936
192971
1930531
1930566
1930931
1932031
1932036
1932041
1932176
1933036
1934181
193434
1935541
1936346
1936446
1937436
1938981
1941741
1944081
1945531
1945976
1946181
1946611
1946616
1946626
1946636
1949516
1950131
1953366
1953631
1953636
1954896
195667
1958576
195864
1960916
1961931
1962211
1962246
1962331
1965741
1966801
1967551
1968636
1968881
1969241
1971046
1972681
1975571
197626
1976521
1976896
1977041
1977726
1980136
1980316
1980836
1981316
1983051
203936
205966
210876
211241
217121
22261
22273
22333
22620
228201
2365
237706
2378
239781
239786
241126
241131
241136
2412
2416
2428
243596
257391
26291
26294
26295
263476
267931
269846
273191
27508
28335
286261
293131
293136
293151
296126
300981
31052
312736
31293
3191
3193
33054
3400
3401
3402
340701
34081
34082
34083
342726
342816
349096
351096
351971
354861
354891
35844
367066
367096
367426
367456
367471
377406
383781
385931
386886
386926
387011
389891
389901
396896
398051
400176
402501
403311
403441
408396
409656
409671
409676
41051
41125
41159
414686
421676
423216
424941
424981
42500
425251
425981
428341
429616
430986
431996
434286
43528
436861
437141
437196
43885
43886
440821
442421
444611
445381
445886
449521
45187
45204
453461
454706
461686
462286
463686
46432
46594
46595
46596
471091
477936
479031
479036
479041
479281
479286
483366
48682
48743
49025
49730
499601
507331
507336
507371
507586
513756
515131
515141
531726
533236
540471
540476
544211
544216
548371
550301
551631
553206
555251
557686
559661
563766
568641
568681
568711
575426
577071
57918
579566
589251
592221
592491
594436
596511
59763
608096
611281
61263
612756
614056
615171
615491
620826
620836
620896
621426
621431
625561
629996
633641
63385
635581
635591
635596
635601
635611
642306
642386
643841
644591
648471
650636
652716
653191
654691
654856
656196
663551
672166
672706
676576
67818
679541
679561
68822
68907
690136
69021
698406
698411
698416
69908
701121
704731
706796
706801
707676
710936
712441
712541
713281
713691
714546
715096
715101
716911
716931
722256
723546
72405
725896
727481
73279
737656
738206
738346
741041
742131
74334
743586
74387
74423
75277
755471
756396
759921
759946
761891
761896
76884
774156
77827
782821
78299
78300
78303
784621
785921
787906
788111
789771
789776
789781
793686
79620
796411
797281
797456
803531
803536
803541
803546
804196
805396
806236
808141
81192
815376
815406
818866
821641
823306
823316
830016
83026
834651
836226
838521
83985
840106
840121
841166
841171
841186
841206
842871
846886
847311
850751
852346
853426
853506
862561
86258
871311
871641
871646
871651
871656
871661
872011
872426
872881
873031
874111
874756
876131
876491
876531
877236
877241
878516
884146
884696
887516
888006
888031
888076
888111
888121
894021
895101
89769
89770
90169
902941
909611
910476
913766
913771
913906
913916
914956
916831
916906
917166
917356
919511
919531
924636
926726
926961
92715
927946
927951
927976
927991
931626
935086
935906
936686
93822
938711
939571
939591
939596
939601
941986
942046
942066
943201
944391
945
947941
94939
94942
952061
952156
952246
952251
952371
952401
952446
955656
958716
959201
96354
96712
969041
96918
975686
975696
976841
977361
977851
978116
97812
978126
978276
990551
